								irradiance	Ray.Scat.					
		Spectral	interval			cm-2s-1		cm2		O3xs		O2xs		H2Oxs		CO2 ab	CO2xs
	1	Ly-Alpha	121.567				3.82E+11	0		2.32E-17	1.00E-20	1.50E-17	2	2E-19
	2	116.9591	117.64706	86000	85500	1.03E+08	0		7.80E-18	2.00E-20	1.00E-23	10	1E-18
	3	116.9591	117.64706	85500	85000	2.66E+08	0		7.97E-18	1.25E-18	1.00E-23	5	5E-19
	4	117.6471	118.3432	85000	84500	1.12E+08	0		8.66E-18	2.55E-19	1.00E-23	4	4E-19
	5	118.3432	119.04762	84500	84000	1.24E+08	0		9.51E-18	3.00E-20	1.00E-23	3	3E-19
	6	119.0476	119.76048	84000	83500	1.82E+08	0		1.25E-17	3.75E-19	1.00E-23	2	2E-19
	7	119.7605	120.48193	83500	83000	1.90E+08	0		1.84E-17	4.45E-18	1.00E-23	1	1E-19
	8	120.4819	121.21212	83000	82500	7.40E+08	0		2.19E-17	8.35E-18	1.00E-23	1.2	1.2E-19
	9	121.2121	121.95122	82500	82000	2.28E+09	0		2.30E-17	6.00E-19	2.89E-18	1.4	1.4E-19
	10	121.9512	122.69939	82000	81500	3.67E+09	0		2.26E-17	2.35E-19	5.46E-18	1.6	1.6E-19
	11	122.6994	123.45679	81500	81000	1.36E+09	0		2.06E-17	4.50E-19	7.22E-18	1.8	1.8E-19
	12	123.4568	124.2236	81000	80500	1.61E+09	0		1.30E-17	3.35E-19	8.19E-18	2	2E-19
	13	124.2236	125		80500	80000	1.32E+09	0		8.91E-18	1.75E-17	8.35E-18	2.6	2.6E-19
	14	125		125.78616	80000	79500	1.41E+09	0		7.24E-18	8.95E-19	7.72E-18	3.2	3.2E-19
	15	125.7862	126.58228	79500	79000	3.11E+09	0		6.09E-18	4.30E-19	6.94E-18	3.8	3.8E-19
	16	126.5823	127.38854	79000	78500	1.06E+09	0		5.66E-18	1.10E-19	7.02E-18	4.4	4.4E-19
	17	127.3885	128.20513	78500	78000	1.37E+09	0		5.87E-18	2.05E-19	7.38E-18	5	5E-19
	18	128.2051	129.03226	78000	77500	1.02E+09	0		6.47E-18	4.43E-19	7.09E-18	5.6	5.6E-19
	19	129.0323	129.87013	77500	77000	1.14E+09	0		8.14E-18	5.55E-19	6.53E-18	6.2	6.2E-19
	20	129.8701	130.71895	77000	76500	7.29E+09	0		1.24E-17	4.20E-19	6.16E-18	7	7E-19
	21	130.719		131.57895	76500	76000	2.20E+09	0		1.52E-17	6.85E-19	6.15E-18	8	8E-19
	22	131.5789	132.45033	76000	75500	1.59E+09	0		1.47E-17	1.45E-18	6.09E-18	8	8E-19
	23	132.4503	133.33333	75500	75000	2.21E+09	0		1.51E-17	2.25E-18	5.34E-18	8	8E-19
	24	133.3333	134.22819	75000	74500	1.24E+10	0		1.51E-17	2.30E-18	4.27E-18	8	8E-19
	25	134.2282	135.13514	74500	74000	1.99E+09	0		1.65E-17	4.55E-18	3.39E-18	8	8E-19
	26	135.1351	136.05442	74000	73500	3.09E+09	0		1.54E-17	7.23E-18	2.47E-18	8	8E-19
	27	136.0544	136.9863	73500	73000	2.57E+09	0		1.35E-17	9.50E-18	1.97E-18	7.25	7.25E-19
	28	136.9863	137.93103	73000	72500	2.74E+09	0		1.05E-17	1.23E-17	1.73E-18	6.5	6.5E-19
	29	137.931		138.88889	72500	72000	3.10E+09	0		7.97E-18	1.32E-17	1.44E-18	5.75	5.75E-19
	30	138.8889	140.84507	72000	71000	7.60E+09	0		7.17E-18	1.36E-17	1.02E-18	5	5E-19
	31	140.8451	142.85714	71000	70000	1.01E+10	0		6.28E-18	1.40E-17	6.24E-19	5.33	5.33E-19
	32	142.8571	144.92754	70000	69000	1.30E+10	0		5.66E-18	1.48E-17	4.77E-19	5.66	5.66E-19
	33	144.9275	147.05882	69000	68000	1.82E+10	0		5.23E-18	1.41E-17	5.51E-19	6	6E-19
	34	147.0588	149.25373	68000	67000	2.33E+10	0		4.47E-18	1.29E-17	7.50E-19	6	6E-19
	35	149.2537	151.51515	67000	66000	2.66E+10	0		3.69E-18	1.15E-17	1.07E-18	6	6E-19
	36	151.5152	153.84615	66000	65000	2.90E+10	0		2.93E-18	9.91E-18	1.52E-18	4.75	4.75E-19
	37	153.8462	156.25		65000	64000	3.60E+10	0		2.19E-18	8.24E-18	2.08E-18	3.5	3.5E-19
	38	156.25		158.73016	64000	63000	4.75E+10	0		1.63E-18	6.58E-18	2.71E-18	2.5	2.5E-19
	39	158.7302	161.29032	63000	62000	6.40E+10	0		1.20E-18	4.97E-18	3.45E-18	1.5	1.5E-19
	40	161.2903	163.93443	62000	61000	5.49E+10	0		9.77E-19	3.45E-18	4.07E-18	1.125	1.13E-19
	41	163.9344	166.66667	61000	60000	1.19E+11	0		8.66E-19	2.08E-18	4.61E-18	0.75	7.5E-20
	42	166.6667	169.49153	60000	59000	1.76E+11	0		8.14E-19	1.23E-18	4.50E-18	0.5	5E-20
	43	169.4915	172.41379	59000	58000	2.32E+11	0		8.17E-19	7.22E-19	4.09E-18	0.25	2.5E-20
	44	172.4138	173.91304	58000	57500	1.44E+11	0		8.57E-19	4.58E-19	3.46E-18	0.175	1.75E-20
	45	173.913		175.4386	57500	57000	1.83E+11	0		8.40E-19	2.74E-19	2.82E-18	0.1	1E-20
	1	175.4386	176.99115	57000	56500	1.74E+11	6.79E-25	8.11E-19	0		2.41E-18	0.05	5E-21
 	2	176.9912	178.57143	56500	56000	2.10E+11	6.49E-25	7.99E-19	0		1.91E-18	0	0
	3	178.5714	180.18018	56000	55500	2.38E+11	6.20E-25	7.86E-19	0		1.23E-18	0	0
	4	180.1802	181.81818	55500	55000	3.04E+11	5.93E-25	7.63E-19	0		5.62E-19	0	0
	5	181.8182	183.48624	55000	54500	3.19E+11	5.66E-25	7.29E-19	0		1.89E-19	0	0
	6	183.4862	185.18519	54500	54000	2.93E+11	5.41E-25	6.88E-19	0		7.39E-20	0	0
	7	185.1852	186.91589	54000	53500	3.62E+11	5.16E-25	6.40E-19	0		2.11E-20	0	0
	8	186.9159	188.67925	53500	53000	4.73E+11	4.93E-25	5.88E-19	0		6.16E-21	0	0
	9	188.6792	190.47619	53000	52500	5.61E+11	4.70E-25	5.31E-19	0		3.53E-21	0	0
	10	190.4762	192.30769	52500	52000	6.63E+11	4.49E-25	4.80E-19	0		1.55E-21	0	0
	11	192.3077	194.17476	52000	51500	6.90E+11	4.28E-25	4.38E-19	0		6.01E-22	0	0
	12	194.1748	196.07843	51500	51000	9.56E+11	4.08E-25	4.11E-19	0		3.04E-22	0	0
	13	196.0784	198.0198	51000	50500	1.15E+12	3.89E-25	3.69E-19	0		1.28E-22	0	0
	14	198.0198	200		50500	50000	1.27E+12	3.71E-25	3.30E-19	0		4.59E-23	0	0
	15	200		202.0202	50000	49500	1.52E+12	3.53E-25	3.26E-19	0		5.25E-23	0	0
	16	202.0202	204.08163	49500	49000	1.78E+12	3.36E-25	3.26E-19	0		0		0	0
	17	204.0816	206.18557	49000	48500	2.20E+12	3.20E-25	3.51E-19	0		0		0	0
	18	206.1856	208.33333	48500	48000	2.69E+12	3.05E-25	4.11E-19	6.62E-24	0		0	0
	19	208.3333	210.52632	48000	47500	4.54E+12	2.90E-25	4.84E-19	6.26E-24	0		0	0
	20	210.5263	212.76596	47500	47000	7.14E+12	2.76E-25	6.26E-19	5.84E-24	0		0	0
	21	212.766		215.05376	47000	46500	8.35E+12	2.62E-25	8.57E-19	5.37E-24	0		0	0
	22	215.0538	217.3913	46500	46000	8.39E+12	2.49E-25	1.17E-18	4.89E-24	0		0	0
	23	217.3913	219.78022	46000	45500	1.08E+13	2.36E-25	1.52E-18	4.39E-24	0		0	0
	24	219.7802	222.22222	45500	45000	1.18E+13	2.24E-25	1.97E-18	3.89E-24	0		0	0
	25	222.2222	224.7191	45000	44500	1.60E+13	2.13E-25	2.55E-18	3.40E-24	0		0	0
	26	224.7191	227.27273	44500	44000	1.34E+13	2.02E-25	3.24E-18	2.94E-24	0		0	0
	27	227.2727	229.88506	44000	43500	1.41E+13	1.92E-25	4.00E-18	2.49E-24	0		0	0
	28	229.8851	232.55814	43500	43000	1.57E+13	1.82E-25	4.83E-18	2.09E-24	0		0	0
	29	232.5581	235.29412	43000	42500	1.38E+13	1.72E-25	5.79E-18	1.72E-24	0		0	0
	30	235.2941	238.09524	42500	42000	1.60E+13	1.63E-25	6.86E-18	1.40E-24	0		0	0
	31	238.0952	240.96386	42000	41500	1.45E+13	1.54E-25	7.97E-18	1.12E-24	0		0	0
	32	240.9639	243.90244	41500	41000	2.20E+13	1.46E-25	9.00E-18	8.79E-25	0		0	0
	33	243.9024	246.91358	41000	40500	1.99E+13	1.38E-25	1.00E-17	6.76E-25	0		0	0
	34	246.9136	250		40500	40000	1.97E+13	1.31E-25	1.08E-17	0		0		0	0
	35	250		253.16456	40000	39500	1.94E+13	1.23E-25	1.13E-17	0		0		0	0
	36	253.1646	256.41026	39500	39000	2.91E+13	1.17E-25	1.15E-17	0		0		0	0
	37	256.4103	259.74026	39000	38500	4.95E+13	1.10E-25	1.12E-17	0		0		0	0
	38	259.7403	263.15789	38500	38000	4.53E+13	1.04E-25	1.06E-17	0		0		0	0
	39	263.1579	266.66667	38000	37500	1.07E+14	9.78E-26	9.59E-18	0		0		0	0
	40	266.6667	270.27027	37500	37000	1.20E+14	9.22E-26	8.31E-18	0		0		0	0
	41	270.2703	273.9726	37000	36500	1.10E+14	8.68E-26	6.89E-18	0		0		0	0
	42	273.9726	277.77778	36500	36000	1.04E+14	8.17E-26	5.35E-18	0		0		0	0
	43	277.7778	281.69014	36000	35500	8.24E+13	7.68E-26	3.91E-18	0		0		0	0
	44	281.6901	285.71429	35500	35000	1.52E+14	7.22E-26	2.67E-18	0		0		0	0
	45	285.7143	289.85507	35000	34500	2.15E+14	6.78E-26	1.73E-18	0		0		0	0
	46	289.8551	294.11765	34500	34000	3.48E+14	6.36E-26	1.04E-18	0		0		0	0
	47	294.1176	298.50746	34000	33500	3.40E+14	5.97E-26	5.85E-19	0		0		0	0
	48	298.5075	303.0303	33500	33000	3.22E+14	5.59E-26	3.16E-19	0		0		0	0
	49	303.0303	307.69231	33000	32500	4.23E+14	5.24E-26	1.66E-19	0		0		0	0
	50	307.6923	312.5		32500	32000	4.95E+14	4.90E-26	8.67E-20	0		0		0	0
	51	312.5		317.5				5.44E+14	4.58E-26	5.01E-20	0		0		0	0
	52	317.5		322.5				5.93E+14	4.28E-26	2.49E-20	0		0		0	0
	53	322.5		327.5				6.75E+14	4.01E-26	1.20E-20	0		0		0	0
	54	327.5		332.5				8.15E+14	3.75E-26	6.17E-21	0		0		0	0
	55	332.5		337.5				7.81E+14	3.52E-26	2.74E-20	0		0		0	0
	56	337.5		342.5				8.35E+14	3.31E-26	1.17E-21	0		0		0	0
	57	342.5		347.5				8.14E+14	3.11E-26	5.88E-22	0		0		0	0
	58	347.5		352.5				8.53E+14	2.92E-26	2.66E-22	0		0		0	0
	59	352.5		357.5				9.17E+14	2.75E-26	1.09E-22	0		0		0	0
	60	357.5		362.5				8.38E+14	2.60E-26	5.49E-23	0		0		0	0
